{
 "cells": [
  {
   "cell_type": "code",
   "execution_count": 1,
   "metadata": {},
   "outputs": [],
   "source": [
    "import numpy as np\n",
    "import pandas as pd\n",
    "import zebende as zb"
   ]
  },
  {
   "cell_type": "code",
   "execution_count": 8,
   "metadata": {},
   "outputs": [
    {
     "data": {
      "text/plain": [
       "(49,)"
      ]
     },
     "execution_count": 8,
     "metadata": {},
     "output_type": "execute_result"
    }
   ],
   "source": [
    "zb.time_windows(4,3000).shape"
   ]
  },
  {
   "cell_type": "code",
   "execution_count": 7,
   "metadata": {},
   "outputs": [
    {
     "data": {
      "text/plain": [
       "array([   4,   10,   20,   30,   40,   50,  100,  300, 1000, 3000])"
      ]
     },
     "execution_count": 7,
     "metadata": {},
     "output_type": "execute_result"
    }
   ],
   "source": [
    "np.array([ 4, 10 ,20, 30, 40, 50, 100, 500, 1000, 3000])"
   ]
  },
  {
   "cell_type": "code",
   "execution_count": 2,
   "metadata": {},
   "outputs": [
    {
     "data": {
      "text/plain": [
       "array([[-28., -57., -43., -52.],\n",
       "       [-32., -67., -67., -60.],\n",
       "       [-44., -74., -74., -66.],\n",
       "       ...,\n",
       "       [-15., -54., -59., -57.],\n",
       "       [  0., -41., -25., -47.],\n",
       "       [-15., -48., -50., -72.]])"
      ]
     },
     "execution_count": 2,
     "metadata": {},
     "output_type": "execute_result"
    }
   ],
   "source": [
    "data_1 = pd.read_csv('./test_data/data_pre_proc/S001/S001_03/S001_03_F3.txt', header=None)\n",
    "data_2 = pd.read_csv('./test_data/data_pre_proc/S001/S001_03/S001_03_F6.txt', header=None)\n",
    "data_3 = pd.read_csv('./test_data/data_pre_proc/S001/S001_03/S001_03_P3.txt', header=None)\n",
    "data_4 = pd.read_csv('./test_data/data_pre_proc/S001/S001_03/S001_03_P6.txt', header=None)\n",
    "data = pd.concat([data_1, data_2, data_3, data_4], axis=1).to_numpy(dtype=np.float64)\n",
    "data"
   ]
  },
  {
   "cell_type": "code",
   "execution_count": 3,
   "metadata": {},
   "outputs": [],
   "source": [
    "int_data = zb.integrated_series(data)"
   ]
  },
  {
   "cell_type": "code",
   "execution_count": 4,
   "metadata": {},
   "outputs": [
    {
     "data": {
      "text/plain": [
       "29"
      ]
     },
     "execution_count": 4,
     "metadata": {},
     "output_type": "execute_result"
    }
   ],
   "source": [
    "tws = zb.time_windows(4, int(data.shape[0]/4), exp_fac=4)\n",
    "tws.size"
   ]
  },
  {
   "cell_type": "code",
   "execution_count": 5,
   "metadata": {},
   "outputs": [],
   "source": [
    "dfa, dcca, pdcca = zb.p_dcca(int_data, tws[:5])"
   ]
  },
  {
   "cell_type": "code",
   "execution_count": 6,
   "metadata": {},
   "outputs": [
    {
     "data": {
      "text/plain": [
       "array([[10.21772684,  9.6465587 , 11.1907025 ,  9.96204291],\n",
       "       [13.54907402, 12.58526165, 14.79349141, 12.92467481],\n",
       "       [24.351747  , 22.04610564, 26.3471192 , 22.37345791],\n",
       "       [35.91221786, 32.38197129, 38.07809875, 31.95381504],\n",
       "       [52.2533971 , 47.43097228, 53.38130451, 44.48437417]])"
      ]
     },
     "execution_count": 6,
     "metadata": {},
     "output_type": "execute_result"
    }
   ],
   "source": [
    "dfa"
   ]
  },
  {
   "cell_type": "code",
   "execution_count": 7,
   "metadata": {},
   "outputs": [
    {
     "data": {
      "text/plain": [
       "array([[  84.84742407,   68.48779515,   50.78041937,   50.7699085 ,\n",
       "          44.02365612,   81.59505528],\n",
       "       [ 148.29977174,  120.31389053,   87.84420055,   87.81716852,\n",
       "          74.88343072,  139.31154967],\n",
       "       [ 477.11798398,  394.91777914,  285.80738956,  282.95188183,\n",
       "         236.85826472,  437.75547984],\n",
       "       [1044.62835821,  859.80326718,  629.76985533,  611.52218872,\n",
       "         515.01571732,  930.38154034],\n",
       "       [2240.31482874, 1791.79333467, 1345.28955774, 1270.68462293,\n",
       "        1095.1818025 , 1879.59462975]])"
      ]
     },
     "execution_count": 7,
     "metadata": {},
     "output_type": "execute_result"
    }
   ],
   "source": [
    "dcca"
   ]
  },
  {
   "cell_type": "code",
   "execution_count": 8,
   "metadata": {},
   "outputs": [
    {
     "data": {
      "text/plain": [
       "array([[0.86081923, 0.59896514, 0.49887712, 0.47030178, 0.45810527,\n",
       "        0.73191068],\n",
       "       [0.86969829, 0.60025456, 0.50163041, 0.47167895, 0.46036665,\n",
       "        0.72861283],\n",
       "       [0.8887176 , 0.61552178, 0.52457818, 0.48713302, 0.48020154,\n",
       "        0.74261778],\n",
       "       [0.89828945, 0.62875523, 0.54880357, 0.49594519, 0.49773076,\n",
       "        0.76465074],\n",
       "       [0.9039252 , 0.64236845, 0.57875367, 0.5018646 , 0.51905898,\n",
       "        0.79153027]])"
      ]
     },
     "execution_count": 8,
     "metadata": {},
     "output_type": "execute_result"
    }
   ],
   "source": [
    "pdcca"
   ]
  },
  {
   "cell_type": "code",
   "execution_count": 9,
   "metadata": {},
   "outputs": [
    {
     "name": "stdout",
     "output_type": "stream",
     "text": [
      "[[1.         0.47030178 0.45810527]\n",
      " [0.47030178 1.         0.73191068]\n",
      " [0.45810527 0.73191068 1.        ]] [[0.86081923]\n",
      " [0.59896514]\n",
      " [0.49887712]]\n",
      "[[1.         0.73191068 0.59896514]\n",
      " [0.73191068 1.         0.49887712]\n",
      " [0.59896514 0.49887712 1.        ]] [[0.47030178]\n",
      " [0.45810527]\n",
      " [0.86081923]]\n",
      "[[1.         0.86081923 0.59896514]\n",
      " [0.86081923 1.         0.47030178]\n",
      " [0.59896514 0.47030178 1.        ]] [[0.49887712]\n",
      " [0.45810527]\n",
      " [0.73191068]]\n",
      "[[1.         0.49887712 0.45810527]\n",
      " [0.49887712 1.         0.86081923]\n",
      " [0.45810527 0.86081923 1.        ]] [[0.73191068]\n",
      " [0.59896514]\n",
      " [0.47030178]]\n",
      "[[1.         0.47167895 0.46036665]\n",
      " [0.47167895 1.         0.72861283]\n",
      " [0.46036665 0.72861283 1.        ]] [[0.86969829]\n",
      " [0.60025456]\n",
      " [0.50163041]]\n",
      "[[1.         0.72861283 0.60025456]\n",
      " [0.72861283 1.         0.50163041]\n",
      " [0.60025456 0.50163041 1.        ]] [[0.47167895]\n",
      " [0.46036665]\n",
      " [0.86969829]]\n",
      "[[1.         0.86969829 0.60025456]\n",
      " [0.86969829 1.         0.47167895]\n",
      " [0.60025456 0.47167895 1.        ]] [[0.50163041]\n",
      " [0.46036665]\n",
      " [0.72861283]]\n",
      "[[1.         0.50163041 0.46036665]\n",
      " [0.50163041 1.         0.86969829]\n",
      " [0.46036665 0.86969829 1.        ]] [[0.72861283]\n",
      " [0.60025456]\n",
      " [0.47167895]]\n",
      "[[1.         0.48713302 0.48020154]\n",
      " [0.48713302 1.         0.74261778]\n",
      " [0.48020154 0.74261778 1.        ]] [[0.8887176 ]\n",
      " [0.61552178]\n",
      " [0.52457818]]\n",
      "[[1.         0.74261778 0.61552178]\n",
      " [0.74261778 1.         0.52457818]\n",
      " [0.61552178 0.52457818 1.        ]] [[0.48713302]\n",
      " [0.48020154]\n",
      " [0.8887176 ]]\n",
      "[[1.         0.8887176  0.61552178]\n",
      " [0.8887176  1.         0.48713302]\n",
      " [0.61552178 0.48713302 1.        ]] [[0.52457818]\n",
      " [0.48020154]\n",
      " [0.74261778]]\n",
      "[[1.         0.52457818 0.48020154]\n",
      " [0.52457818 1.         0.8887176 ]\n",
      " [0.48020154 0.8887176  1.        ]] [[0.74261778]\n",
      " [0.61552178]\n",
      " [0.48713302]]\n",
      "[[1.         0.49594519 0.49773076]\n",
      " [0.49594519 1.         0.76465074]\n",
      " [0.49773076 0.76465074 1.        ]] [[0.89828945]\n",
      " [0.62875523]\n",
      " [0.54880357]]\n",
      "[[1.         0.76465074 0.62875523]\n",
      " [0.76465074 1.         0.54880357]\n",
      " [0.62875523 0.54880357 1.        ]] [[0.49594519]\n",
      " [0.49773076]\n",
      " [0.89828945]]\n",
      "[[1.         0.89828945 0.62875523]\n",
      " [0.89828945 1.         0.49594519]\n",
      " [0.62875523 0.49594519 1.        ]] [[0.54880357]\n",
      " [0.49773076]\n",
      " [0.76465074]]\n",
      "[[1.         0.54880357 0.49773076]\n",
      " [0.54880357 1.         0.89828945]\n",
      " [0.49773076 0.89828945 1.        ]] [[0.76465074]\n",
      " [0.62875523]\n",
      " [0.49594519]]\n",
      "[[1.         0.5018646  0.51905898]\n",
      " [0.5018646  1.         0.79153027]\n",
      " [0.51905898 0.79153027 1.        ]] [[0.9039252 ]\n",
      " [0.64236845]\n",
      " [0.57875367]]\n",
      "[[1.         0.79153027 0.64236845]\n",
      " [0.79153027 1.         0.57875367]\n",
      " [0.64236845 0.57875367 1.        ]] [[0.5018646 ]\n",
      " [0.51905898]\n",
      " [0.9039252 ]]\n",
      "[[1.         0.9039252  0.64236845]\n",
      " [0.9039252  1.         0.5018646 ]\n",
      " [0.64236845 0.5018646  1.        ]] [[0.57875367]\n",
      " [0.51905898]\n",
      " [0.79153027]]\n",
      "[[1.         0.57875367 0.51905898]\n",
      " [0.57875367 1.         0.9039252 ]\n",
      " [0.51905898 0.9039252  1.        ]] [[0.79153027]\n",
      " [0.64236845]\n",
      " [0.5018646 ]]\n"
     ]
    }
   ],
   "source": [
    "dfa_2, dcca_2, pdcca_2, dmc = zb.dmcx2(int_data, tws[:5])"
   ]
  },
  {
   "cell_type": "code",
   "execution_count": 10,
   "metadata": {},
   "outputs": [
    {
     "data": {
      "text/plain": [
       "array([[[1.        , 0.86081923, 0.59896514, 0.49887712],\n",
       "        [0.86081923, 1.        , 0.47030178, 0.45810527],\n",
       "        [0.59896514, 0.47030178, 1.        , 0.73191068],\n",
       "        [0.49887712, 0.45810527, 0.73191068, 1.        ]],\n",
       "\n",
       "       [[1.        , 0.86969829, 0.60025456, 0.50163041],\n",
       "        [0.86969829, 1.        , 0.47167895, 0.46036665],\n",
       "        [0.60025456, 0.47167895, 1.        , 0.72861283],\n",
       "        [0.50163041, 0.46036665, 0.72861283, 1.        ]],\n",
       "\n",
       "       [[1.        , 0.8887176 , 0.61552178, 0.52457818],\n",
       "        [0.8887176 , 1.        , 0.48713302, 0.48020154],\n",
       "        [0.61552178, 0.48713302, 1.        , 0.74261778],\n",
       "        [0.52457818, 0.48020154, 0.74261778, 1.        ]],\n",
       "\n",
       "       [[1.        , 0.89828945, 0.62875523, 0.54880357],\n",
       "        [0.89828945, 1.        , 0.49594519, 0.49773076],\n",
       "        [0.62875523, 0.49594519, 1.        , 0.76465074],\n",
       "        [0.54880357, 0.49773076, 0.76465074, 1.        ]],\n",
       "\n",
       "       [[1.        , 0.9039252 , 0.64236845, 0.57875367],\n",
       "        [0.9039252 , 1.        , 0.5018646 , 0.51905898],\n",
       "        [0.64236845, 0.5018646 , 1.        , 0.79153027],\n",
       "        [0.57875367, 0.51905898, 0.79153027, 1.        ]]])"
      ]
     },
     "execution_count": 10,
     "metadata": {},
     "output_type": "execute_result"
    }
   ],
   "source": [
    "pdcca_2.transpose(2,0,1)"
   ]
  },
  {
   "cell_type": "code",
   "execution_count": 11,
   "metadata": {},
   "outputs": [
    {
     "data": {
      "text/plain": [
       "array([[1, 2, 3, 4],\n",
       "       [2, 3, 4, 5]])"
      ]
     },
     "execution_count": 11,
     "metadata": {},
     "output_type": "execute_result"
    }
   ],
   "source": [
    "arr = np.array([[1,2,3,4], [2,3,4,5]]);arr "
   ]
  },
  {
   "cell_type": "code",
   "execution_count": null,
   "metadata": {},
   "outputs": [],
   "source": []
  }
 ],
 "metadata": {
  "kernelspec": {
   "display_name": ".venv",
   "language": "python",
   "name": "python3"
  },
  "language_info": {
   "codemirror_mode": {
    "name": "ipython",
    "version": 3
   },
   "file_extension": ".py",
   "mimetype": "text/x-python",
   "name": "python",
   "nbconvert_exporter": "python",
   "pygments_lexer": "ipython3",
   "version": "3.12.4"
  }
 },
 "nbformat": 4,
 "nbformat_minor": 2
}
